1.000000000000000078e-15
1.842069969326716268e-15
3.393221771895329853e-15
6.250551925273976343e-15
1.151395399326448090e-14
2.120950887920192400e-14
3.906939937054621073e-14
7.196856730011528489e-14
1.325711365590110783e-13
2.442053094548654845e-13
4.498432668969453353e-13
8.286427728546859552e-13
1.526417967175236442e-12
2.811768697974236599e-12
5.179474679231223324e-12
9.540954763499962785e-12
1.757510624854796489e-11
3.237457542817652961e-11
5.963623316594661285e-11
1.098541141987561699e-10
2.023589647725163908e-10
3.727593720314953024e-10
6.866488450043026065e-10
1.264855216855300972e-09
2.329951810515371780e-09
4.291934260128777999e-09
7.906043210907701845e-09
1.456348477501244381e-08
2.682695795279727165e-08
4.941713361323838510e-08
9.102981779915226561e-08
1.676832936811010036e-07
3.088843596477484686e-07
5.689866029018304438e-07
1.048113134154687453e-06
1.930697728883253572e-06
3.556480306223135675e-06
6.551285568595522202e-06
1.206792640639331422e-05
2.222996482526200208e-05
4.094915062380436046e-05
7.543120063354638756e-05
1.389495494373141685e-04
2.559547922699543631e-04
4.714866363457408767e-04
8.685113737513555816e-04
1.599858719606063982e-03
2.947051702551821851e-03
5.428675439323859403e-03
1.000000000000000021e-02
