1.000000000000000000e+00
1.000000000000000000e+00
1.000000000000000000e+00
1.000000000000000000e+00
1.000000000000000000e+00
1.000000000000000000e+00
9.969696969696969502e-01
9.984848484848485306e-01
9.969696969696969502e-01
9.954545454545454808e-01
9.924242424242424310e-01
9.909090909090909616e-01
9.848484848484848619e-01
9.696969696969697239e-01
9.666666666666666741e-01
9.303030303030302983e-01
9.015151515151514916e-01
8.318181818181817899e-01
7.424242424242424310e-01
5.939393939393939892e-01
4.818181818181818121e-01
3.893939393939394034e-01
2.924242424242424199e-01
2.333333333333333370e-01
2.015151515151515083e-01
1.787878787878788012e-01
1.681818181818181823e-01
1.606060606060606133e-01
1.545454545454545414e-01
1.530303030303030165e-01
1.499999999999999944e-01
1.409090909090909005e-01
1.227272727272727265e-01
9.393939393939393367e-02
6.969696969696970168e-02
3.939393939393939087e-02
2.121212121212121340e-02
1.818181818181818094e-02
9.090909090909090468e-03
7.575757575757575968e-03
3.030303030303030300e-03
0.000000000000000000e+00
0.000000000000000000e+00
0.000000000000000000e+00
0.000000000000000000e+00
0.000000000000000000e+00
0.000000000000000000e+00
0.000000000000000000e+00
0.000000000000000000e+00
0.000000000000000000e+00
